CName:U1   CNum:101
 -7000.0      0.0
 -2082.0      0.0
 -2080.0      0.0
 -2080.0   -198.0
 -2020.0   -200.0
 -2000.0    300.0
    -1.0    300.0
    -0.0   -200.0
   200.0   -200.0
   220.0    -50.0
  2000.0    -50.0
  2020.0     50.0
  2070.0     50.0
  2070.0     -2.0
  2072.0      0.0
  7000.0      0.0
CName:U2   CNum:102
 -7000.0      0.0
 -2082.0      0.0
 -2080.0      0.0
 -2080.0   -198.0
 -2020.0   -200.0
 -2000.0    300.0
    -1.0    300.0
    -0.0   -200.0
   200.0   -200.0
   220.0    -50.0
  2000.0    -50.0
  2020.0     50.0
  2070.0     50.0
  2070.0     -2.0
  2072.0      0.0
  7000.0      0.0
CName:U3   CNum:103
 -7000.0      0.0
 -2082.0      0.0
 -2080.0      0.0
 -2080.0   -198.0
 -2020.0   -200.0
 -2000.0    300.0
    -1.0    300.0
    -0.0   -200.0
   200.0   -200.0
   220.0    -50.0
  2000.0    -50.0
  2020.0     50.0
  2070.0     50.0
  2070.0     -2.0
  2072.0      0.0
  7000.0      0.0
CName:U4   CNum:104
 -7000.0      0.0
 -2082.0      0.0
 -2080.0      0.0
 -2080.0   -198.0
 -2020.0   -200.0
 -2000.0    300.0
    -1.0    300.0
    -0.0   -200.0
   200.0   -200.0
   220.0    -50.0
  2000.0    -50.0
  2020.0     50.0
  2070.0     50.0
  2070.0     -2.0
  2072.0      0.0
  7000.0      0.0
CName:U5   CNum:105
 -7000.0      0.0
 -2082.0      0.0
 -2080.0      0.0
 -2080.0   -198.0
 -2020.0   -200.0
 -2000.0    300.0
    -1.0    300.0
    -0.0   -200.0
   200.0   -200.0
   220.0    -50.0
  2000.0    -50.0
  2020.0     50.0
  2070.0     50.0
  2070.0     -2.0
  2072.0      0.0
  7000.0      0.0
CName:U6   CNum:106
 -7000.0      0.0
 -2082.0      0.0
 -2080.0      0.0
 -2080.0   -198.0
 -2020.0   -200.0
 -2000.0    300.0
    -1.0    300.0
    -0.0   -200.0
   200.0   -200.0
   220.0    -50.0
  2000.0    -50.0
  2020.0     50.0
  2070.0     50.0
  2070.0     -2.0
  2072.0      0.0
  7000.0      0.0
CName:U7   CNum:107
 -7000.0      0.0
 -2082.0      0.0
 -2080.0      0.0
 -2080.0   -198.0
 -2020.0   -200.0
 -2000.0    300.0
    -1.0    300.0
    -0.0   -200.0
   200.0   -200.0
   220.0    -50.0
  2000.0    -50.0
  2020.0     50.0
  2070.0     50.0
  2070.0     -2.0
  2072.0      0.0
  7000.0      0.0
CName:U8   CNum:108
 -7000.0      0.0
 -2082.0      0.0
 -2080.0      0.0
 -2080.0   -198.0
 -2020.0   -200.0
 -2000.0    300.0
    -1.0    300.0
    -0.0   -200.0
   200.0   -200.0
   220.0    -50.0
  2000.0    -50.0
  2020.0     50.0
  2070.0     50.0
  2070.0     -2.0
  2072.0      0.0
  7000.0      0.0
CName:U9   CNum:109
 -7000.0      0.0
 -2082.0      0.0
 -2080.0      0.0
 -2080.0   -198.0
 -2020.0   -200.0
 -2000.0    300.0
    -1.0    300.0
    20.0   -200.0
   200.0   -200.0
   220.0    -50.0
  2000.0    -50.0
  2020.0     50.0
  2070.0     50.0
  2070.0     -2.0
  2072.0      0.0
  7000.0      0.0
CName:UA   CNum:110
 -7000.0      0.0
 -2082.0      0.0
 -2080.0      0.0
 -2080.0   -198.0
 -2020.0   -200.0
 -2000.0    300.0
    -1.0    300.0
    20.0   -200.0
   200.0   -200.0
   220.0    -50.0
  2000.0    -50.0
  2020.0     50.0
  2070.0     50.0
  2070.0     -2.0
  2072.0      0.0
  7000.0      0.0
CName:UB   CNum:111
 -7000.0      0.0
 -2082.0      0.0
 -2080.0      0.0
 -2080.0   -198.0
 -2020.0   -200.0
 -2000.0    300.0
    -1.0    298.0
    20.0   -200.0
   200.0   -200.0
   220.0    -50.0
  2000.0    -50.0
  2020.0     50.0
  2070.0     50.0
  2070.0     -2.0
  2072.0      0.0
  7000.0      0.0
CName:UC   CNum:112
 -7000.0      0.0
 -2082.0      0.0
 -2080.0      0.0
 -2080.0   -198.0
 -2020.0   -200.0
 -2000.0    300.0
    -1.0    300.0
    20.0   -200.0
   200.0   -200.0
   220.0    -50.0
  2000.0    -50.0
  2020.0     50.0
  2070.0     50.0
  2070.0     -2.0
  2072.0      0.0
  7000.0      0.0
CName:UD   CNum:113
 -7000.0      0.0
 -2082.0      0.0
 -2080.0      0.0
 -2080.0   -198.0
 -2020.0   -200.0
 -2000.0    300.0
    -1.0    300.0
    20.0   -200.0
   200.0   -200.0
   220.0    -50.0
  2000.0    -50.0
  2020.0     50.0
  2070.0     50.0
  2070.0     -2.0
  2072.0      0.0
  7000.0      0.0
CName:UE   CNum:114
 -7000.0      0.0
 -2082.0      0.0
 -2080.0      0.0
 -2080.0   -198.0
 -2020.0   -200.0
 -2000.0    300.0
    -1.0    300.0
    20.0   -200.0
   200.0   -200.0
   220.0    -50.0
  2000.0    -50.0
  2020.0     50.0
  2070.0     50.0
  2070.0     -2.0
  2072.0      0.0
  7000.0      0.0
CName:UF   CNum:115
 -7000.0      0.0
 -2082.0      0.0
 -2080.0      0.0
 -2080.0   -198.0
 -2020.0   -200.0
 -2000.0    300.0
    -1.0    300.0
    20.0   -200.0
   200.0   -200.0
   220.0    -50.0
  2000.0    -50.0
  2020.0     50.0
  2070.0     50.0
  2070.0     -2.0
  2072.0      0.0
  7000.0      0.0
CName:UG   CNum:116
 -7000.0      0.0
 -2082.0      0.0
 -2080.0      0.0
 -2080.0   -198.0
 -2020.0   -200.0
 -2000.0    300.0
    -1.0    300.0
    20.0   -200.0
   200.0   -200.0
   220.0    -50.0
  2000.0    -50.0
  2020.0     50.0
  2070.0     50.0
  2070.0     -2.0
  2072.0      0.0
  7000.0      0.0
CName:W1   CNum:117
 -7000.0      0.0
 -5497.2      0.0
 -5495.2      2.5
 -5352.6     21.0
 -5106.2     38.0
 -4660.3     61.0
 -4177.5     67.0
 -1995.4     77.0
 -1361.3     78.8
 -1300.4     78.9
  -735.5     80.0
  -624.0    128.0
  -533.4     42.0
  -489.4     94.0
  -409.7    110.0
  -302.5     68.0
  -197.3     68.0
  -141.6     84.0
   771.5     82.3
  1341.0     80.4
  1942.1     56.0
  2434.3     52.5
  2850.6    -97.7
  2852.6      0.0
  7000.0      0.0
CName:W2   CNum:118
 -7000.0      0.0
 -5453.9      0.0
 -5451.9     -8.5
 -4870.9     -9.0
 -4796.9     32.7
 -4551.9    172.4
 -2128.7    194.5
 -2044.1    137.8
 -1832.4    137.8
 -1790.1    154.2
 -1028.3    166.7
  -714.4    151.4
  -626.1      0.5
  -626.1     -9.5
  -350.0     -9.5
  -350.0      0.5
  -250.6    180.5
  1096.7    188.0
  1538.4   -206.0
  2145.7   -205.0
  2147.7      0.0
  7000.0      0.0
CName:W3   CNum:119
 -7000.0      0.0
 -2005.5      0.0
 -2003.5     -3.3
 -1635.5    162.1
 -1130.7    162.1
 -1019.1    149.5
  -344.3    149.8
  -267.6    158.7
    -9.3    158.7
    87.2    153.3
   206.3    161.5
  2324.9    166.3
  2995.1    115.4
  3214.4    -26.5
  3512.8    -27.2
  3704.1     -1.9
  3706.1      0.0
  7000.0      0.0
CName:W4   CNum:120
 -7000.0      0.0
 -4994.7      0.0
 -4992.7    -49.0
 -4922.4     42.0
 -4430.4     42.0
 -4140.0     45.0
 -3973.5     61.0
 -3740.0     49.0
 -3740.0     53.2
 -2977.7     54.7
 -1570.4     59.2
  -937.4     56.9
  1192.1     74.0
  2080.0     50.8
  2975.0     48.7
  3315.3     47.5
  4500.9   -133.1
  4502.9      0.0
  7000.0      0.0
CName:I1   CNum:121
 -7000.0      0.0
 -2022.0      0.0
 -2020.0     -0.0
     0.0     10.0
   200.0      2.0
  1500.0     -9.7
  2000.0      0.0
  2002.0      0.0
  7000.0      0.0
CName:I2   CNum:122
 -7000.0      0.0
 -2022.0      0.0
 -2020.0     -0.0
     0.0     10.0
   200.0      2.0
  1500.0     -9.7
  2000.0      0.0
  2002.0      0.0
  7000.0      0.0
CName:I3   CNum:123
 -7000.0      0.0
 -2022.0      0.0
 -2020.0     -0.0
     0.0     10.0
   200.0      2.0
  1500.0     -9.7
  2000.0      0.0
  2002.0      0.0
  7000.0      0.0
CName:I4   CNum:124
 -7000.0      0.0
 -2022.0      0.0
 -2020.0     -0.0
     0.0     10.0
   200.0      2.0
  1500.0     -9.7
  2000.0      0.0
  2002.0      0.0
  7000.0      0.0
CName:I5   CNum:125
 -7000.0      0.0
 -2022.0      0.0
 -2020.0     -0.0
     0.0     10.0
   200.0      2.0
  1500.0     -9.7
  2000.0      0.0
  2002.0      0.0
  7000.0      0.0
CName:I6   CNum:126
 -7000.0      0.0
 -2022.0      0.0
 -2020.0     -0.0
     0.0     10.0
   200.0      2.0
  1500.0     -9.7
  2000.0      0.0
  2002.0      0.0
  7000.0      0.0
CName:I7   CNum:127
 -7000.0      0.0
 -2022.0      0.0
 -2020.0     -0.0
     0.0     10.0
   200.0      2.0
  1500.0     -9.7
  2000.0      0.0
  2002.0      0.0
  7000.0      0.0
CName:I8   CNum:128
 -7000.0      0.0
 -2022.0      0.0
 -2020.0     -0.0
     0.0     10.0
   200.0      2.0
  1500.0     -9.7
  2000.0      0.0
  2002.0      0.0
  7000.0      0.0
CName:I9   CNum:129
 -7000.0      0.0
 -2022.0      0.0
 -2020.0     -0.0
     0.0     10.0
   200.0      2.0
  1500.0     -9.7
  2000.0      0.0
  2002.0      0.0
  7000.0      0.0
CName:IA   CNum:130
 -7000.0      0.0
 -2022.0      0.0
 -2020.0     -0.0
     0.0     10.0
   200.0      2.0
  1500.0     -9.7
  2000.0      0.0
  2002.0      0.0
  7000.0      0.0
CName:IB   CNum:131
 -7000.0      0.0
 -2022.0      0.0
 -2020.0     -0.0
     0.0     10.0
   200.0      2.0
  1500.0     -9.7
  2000.0      0.0
  2002.0      0.0
  7000.0      0.0
CName:IC   CNum:132
 -7000.0      0.0
 -2022.0      0.0
 -2020.0     -0.0
     0.0     10.0
   200.0      2.0
  1500.0     -9.7
  2000.0      0.0
  2002.0      0.0
  7000.0      0.0
CName:ID   CNum:133
 -7000.0      0.0
 -2022.0      0.0
 -2020.0     -0.0
     0.0     10.0
   200.0      2.0
  1500.0     -9.7
  2000.0      0.0
  2002.0      0.0
  7000.0      0.0
CName:IE   CNum:134
 -7000.0      0.0
 -2022.0      0.0
 -2020.0     -0.0
     0.0     10.0
   200.0      2.0
  1500.0     -9.7
  2000.0      0.0
  2002.0      0.0
  7000.0      0.0
CName:IF   CNum:135
 -7000.0      0.0
 -2022.0      0.0
 -2020.0     -0.0
     0.0     10.0
   200.0      2.0
  1500.0     -9.7
  2000.0      0.0
  2002.0      0.0
  7000.0      0.0
CName:IG   CNum:136
 -7000.0      0.0
 -2022.0      0.0
 -2020.0     -0.0
     0.0     10.0
   200.0      2.0
  1500.0     -9.7
  2000.0      0.0
  2002.0      0.0
  7000.0      0.0
CName:V1   CNum:137
 -7000.0      0.0
 -4994.7      0.0
 -4992.7    -49.0
 -4922.4     42.0
 -4430.4     42.0
 -4140.0     45.0
 -3973.5     61.0
 -3740.0     49.0
 -3740.0     53.2
 -2977.7     54.7
 -1570.4     59.2
  -937.4     56.9
  1192.1     74.0
  2080.0     50.8
  2975.0     48.7
  3315.3     47.5
  4500.9   -133.1
  4502.9      0.0
  7000.0      0.0
CName:V2   CNum:138
 -7000.0      0.0
 -4994.7      0.0
 -4992.7    -49.0
 -4922.4     42.0
 -4430.4     42.0
 -4140.0     45.0
 -3973.5     61.0
 -3740.0     49.0
 -3740.0     53.2
 -2977.7     54.7
 -1570.4     59.2
  -937.4     56.9
  1192.1     65.0
  2080.0     50.8
  2975.0     48.7
  3315.3     47.5
  4500.9   -133.1
  4502.9      0.0
  7000.0      0.0
CName:V3   CNum:139
 -7000.0      0.0
 -4994.7      0.0
 -4992.7    -49.0
 -4922.4     42.0
 -4430.4     42.0
 -4140.0     45.0
 -3973.5     61.0
 -3740.0     49.0
 -3740.0     53.2
 -2977.7     54.7
 -1570.4     59.2
  -937.4     56.9
  1192.1     74.0
  2080.0     50.8
  2975.0     48.7
  3315.3     47.5
  4500.9   -133.1
  4502.9      0.0
  7000.0      0.0
CName:V4   CNum:140
 -7000.0      0.0
 -4994.7      0.0
 -4992.7    -49.0
 -4922.4     42.0
 -4430.4     42.0
 -4140.0     45.0
 -3973.5     61.0
 -3740.0     49.0
 -3740.0     53.2
 -2977.7     54.7
 -1570.4     59.2
  -937.4     56.9
  1192.1     74.0
  2080.0     50.8
  2975.0     48.7
  3315.3     47.5
  4500.9   -133.1
  4502.9      0.0
  7000.0      0.0
CName:K1   CNum:141
 -7000.0      0.0
 -2002.0      0.0
 -2000.0      1.0
  2000.0      1.0
  2002.0      0.0
  7000.0      0.0
CName:K2   CNum:142
 -7000.0      0.0
 -2002.0      0.0
 -2000.0      1.0
  2000.0      1.0
  2002.0      0.0
  7000.0      0.0
CName:K3   CNum:143
 -7000.0      0.0
 -2002.0      0.0
 -2000.0      1.0
  2000.0      1.0
  2002.0      0.0
  7000.0      0.0
CName:K4   CNum:144
 -7000.0      0.0
 -2002.0      0.0
 -2000.0      1.0
  2000.0      1.0
  2002.0      0.0
  7000.0      0.0
CName:K5   CNum:145
 -7000.0      0.0
 -2002.0      0.0
 -2000.0      1.0
  2000.0      1.0
  2002.0      0.0
  7000.0      0.0
CName:K6   CNum:146
 -7000.0      0.0
 -2002.0      0.0
 -2000.0      1.0
  2000.0      1.0
  2002.0      0.0
  7000.0      0.0
CName:K7   CNum:147
 -7000.0      0.0
 -2002.0      0.0
 -2000.0      1.0
  2000.0      1.0
  2002.0      0.0
  7000.0      0.0
CName:K8   CNum:148
 -7000.0      0.0
 -2002.0      0.0
 -2000.0      1.0
  2000.0      1.0
  2002.0      0.0
  7000.0      0.0
CName:K9   CNum:149
 -7000.0      0.0
 -2002.0      0.0
 -2000.0      1.0
  2000.0      1.0
  2002.0      0.0
  7000.0      0.0
CName:KA   CNum:150
 -7000.0      0.0
 -2002.0      0.0
 -2000.0      1.0
  2000.0      1.0
  2002.0      0.0
  7000.0      0.0
CName:KB   CNum:151
 -7000.0      0.0
 -2002.0      0.0
 -2000.0      1.0
  2000.0      1.0
  2002.0      0.0
  7000.0      0.0
CName:KC   CNum:152
 -7000.0      0.0
 -2002.0      0.0
 -2000.0      1.0
  2000.0      1.0
  2002.0      0.0
  7000.0      0.0
CName:KD   CNum:153
 -7000.0      0.0
 -2002.0      0.0
 -2000.0      1.0
  2000.0      1.0
  2002.0      0.0
  7000.0      0.0
CName:KE   CNum:154
 -7000.0      0.0
 -2002.0      0.0
 -2000.0      1.0
  2000.0      1.0
  2002.0      0.0
  7000.0      0.0
CName:KF   CNum:155
 -7000.0      0.0
 -2002.0      0.0
 -2000.0      1.0
  2000.0      1.0
  2002.0      0.0
  7000.0      0.0
CName:KG   CNum:156
 -7000.0      0.0
 -2002.0      0.0
 -2000.0      1.0
  2000.0      1.0
  2002.0      0.0
  7000.0      0.0
CName:KH   CNum:157
 -7000.0      0.0
 -2002.0      0.0
 -2000.0      1.0
  2000.0      1.0
  2002.0      0.0
  7000.0      0.0
CName:KI   CNum:158
 -7000.0      0.0
 -2002.0      0.0
 -2000.0      1.0
  2000.0      1.0
  2002.0      0.0
  7000.0      0.0
CName:KJ   CNum:159
 -7000.0      0.0
 -2002.0      0.0
 -2000.0      1.0
  2000.0      1.0
  2002.0      0.0
  7000.0      0.0
CName:KK   CNum:160
 -7000.0      0.0
 -2002.0      0.0
 -2000.0      1.0
  2000.0      1.0
  2002.0      0.0
  7000.0      0.0
CName:J1   CNum:161
 -7000.0      0.0
 -2002.0      0.0
 -2000.0     10.0
  2000.0     10.0
  2002.0      0.0
  7000.0      0.0
CName:J2   CNum:162
 -7000.0      0.0
 -2002.0      0.0
 -2000.0     10.0
  2000.0     10.0
  2002.0      0.0
  7000.0      0.0
CName:J3   CNum:163
 -7000.0      0.0
 -2002.0      0.0
 -2000.0     10.0
  2000.0     10.0
  2002.0      0.0
  7000.0      0.0
CName:J4   CNum:164
 -7000.0      0.0
 -2002.0      0.0
 -2000.0     10.0
  2000.0     10.0
  2002.0      0.0
  7000.0      0.0
CName:J5   CNum:165
 -7000.0      0.0
 -2002.0      0.0
 -2000.0     10.0
  2000.0     10.0
  2002.0      0.0
  7000.0      0.0
CName:J6   CNum:166
 -7000.0      0.0
 -2002.0      0.0
 -2000.0     10.0
  2000.0     10.0
  2002.0      0.0
  7000.0      0.0
CName:J7   CNum:167
 -7000.0      0.0
 -2002.0      0.0
 -2000.0     10.0
  2000.0     10.0
  2002.0      0.0
  7000.0      0.0
CName:J8   CNum:168
 -7000.0      0.0
 -2002.0      0.0
 -2000.0     10.0
  2000.0     10.0
  2002.0      0.0
  7000.0      0.0
CName:J9   CNum:169
 -7000.0      0.0
 -2002.0      0.0
 -2000.0     10.0
  2000.0     10.0
  2002.0      0.0
  7000.0      0.0
CName:JA   CNum:170
 -7000.0      0.0
 -2002.0      0.0
 -2000.0     10.0
  2000.0     10.0
  2002.0      0.0
  7000.0      0.0
CName:JB   CNum:171
 -7000.0      0.0
 -2002.0      0.0
 -2000.0     10.0
  2000.0     10.0
  2002.0      0.0
  7000.0      0.0
CName:JC   CNum:172
 -7000.0      0.0
 -2002.0      0.0
 -2000.0     10.0
  2000.0     10.0
  2002.0      0.0
  7000.0      0.0
CName:JD   CNum:173
 -7000.0      0.0
 -2002.0      0.0
 -2000.0     10.0
  2000.0     10.0
  2002.0      0.0
  7000.0      0.0
CName:JE   CNum:174
 -7000.0      0.0
 -2002.0      0.0
 -2000.0     10.0
  2000.0     10.0
  2002.0      0.0
  7000.0      0.0
CName:JF   CNum:175
 -7000.0      0.0
 -2002.0      0.0
 -2000.0     10.0
  2000.0     10.0
  2002.0      0.0
  7000.0      0.0
CName:JG   CNum:176
 -7000.0      0.0
 -2002.0      0.0
 -2000.0     10.0
  2000.0     10.0
  2002.0      0.0
  7000.0      0.0
CName:JH   CNum:177
 -7000.0      0.0
 -2002.0      0.0
 -2000.0     10.0
  2000.0     10.0
  2002.0      0.0
  7000.0      0.0
CName:JI   CNum:178
 -7000.0      0.0
 -2002.0      0.0
 -2000.0     10.0
  2000.0     10.0
  2002.0      0.0
  7000.0      0.0
CName:JJ   CNum:179
 -7000.0      0.0
 -2002.0      0.0
 -2000.0     10.0
  2000.0     10.0
  2002.0      0.0
  7000.0      0.0
CName:JK   CNum:180
 -7000.0      0.0
 -2002.0      0.0
 -2000.0     10.0
  2000.0     10.0
  2002.0      0.0
  7000.0      0.0
CName:D1   CNum:181
 -7000.0      0.0
 -2002.0      0.0
 -2000.0      5.0
  2000.0      5.0
  2002.0      0.0
  7000.0      0.0
CName:D2   CNum:182
 -7000.0      0.0
 -2002.0      0.0
 -2000.0      5.0
  2000.0      5.0
  2002.0      0.0
  7000.0      0.0
CName:D3   CNum:183
 -7000.0      0.0
 -2002.0      0.0
 -2000.0      5.0
  2000.0      5.0
  2002.0      0.0
  7000.0      0.0
CName:D4   CNum:184
 -7000.0      0.0
 -2002.0      0.0
 -2000.0      5.0
  2000.0      5.0
  2002.0      0.0
  7000.0      0.0
CName:D5   CNum:185
 -7000.0      0.0
 -2002.0      0.0
 -2000.0      5.0
  2000.0      5.0
  2002.0      0.0
  7000.0      0.0
CName:D6   CNum:186
 -7000.0      0.0
 -2002.0      0.0
 -2000.0      5.0
  2000.0      5.0
  2002.0      0.0
  7000.0      0.0
CName:D7   CNum:187
 -7000.0      0.0
 -2002.0      0.0
 -2000.0      5.0
  2000.0      5.0
  2002.0      0.0
  7000.0      0.0
CName:D8   CNum:188
 -7000.0      0.0
 -2002.0      0.0
 -2000.0      5.0
  2000.0      5.0
  2002.0      0.0
  7000.0      0.0
CName:D9   CNum:189
 -7000.0      0.0
 -2002.0      0.0
 -2000.0      5.0
  2000.0      5.0
  2002.0      0.0
  7000.0      0.0
CName:DA   CNum:190
 -7000.0      0.0
 -2002.0      0.0
 -2000.0      5.0
  2000.0      5.0
  2002.0      0.0
  7000.0      0.0
CName:DB   CNum:191
 -7000.0      0.0
 -2002.0      0.0
 -2000.0      5.0
  2000.0      5.0
  2002.0      0.0
  7000.0      0.0
CName:DC   CNum:192
 -7000.0      0.0
 -2002.0      0.0
 -2000.0      5.0
  2000.0      5.0
  2002.0      0.0
  7000.0      0.0
CName:DD   CNum:193
 -7000.0      0.0
 -2002.0      0.0
 -2000.0      5.0
  2000.0      5.0
  2002.0      0.0
  7000.0      0.0
CName:DE   CNum:194
 -7000.0      0.0
 -2002.0      0.0
 -2000.0      5.0
  2000.0      5.0
  2002.0      0.0
  7000.0      0.0
CName:DF   CNum:195
 -7000.0      0.0
 -2002.0      0.0
 -2000.0      5.0
  2000.0      5.0
  2002.0      0.0
  7000.0      0.0
CName:DG   CNum:196
 -7000.0      0.0
 -2002.0      0.0
 -2000.0      5.0
  2000.0      5.0
  2002.0      0.0
  7000.0      0.0
CName:DH   CNum:197
 -7000.0      0.0
 -2002.0      0.0
 -2000.0      5.0
  2000.0      5.0
  2002.0      0.0
  7000.0      0.0
CName:DI   CNum:198
 -7000.0      0.0
 -2002.0      0.0
 -2000.0      5.0
  2000.0      5.0
  2002.0      0.0
  7000.0      0.0
CName:DJ   CNum:199
 -7000.0      0.0
 -2002.0      0.0
 -2000.0      5.0
  2000.0      5.0
  2002.0      0.0
  7000.0      0.0
CName:DK   CNum:200
 -7000.0      0.0
 -2002.0      0.0
 -2000.0      5.0
  2000.0      5.0
  2002.0      0.0
  7000.0      0.0
CName:U0   CNum:201
 -7000.0      0.0
 -5002.0      0.0
 -5000.0      0.0
 -3200.0    400.0
     0.0    400.0
     0.0   -275.0
   180.0   -275.0
   700.0    -65.0
  1360.0    -30.0
  2300.0   -200.0
  3160.0    345.0
  4120.0    330.0
  4500.9      0.0
  4502.9      0.0
  7000.0      0.0
CName:I0   CNum:202
 -7000.0      0.0
 -5002.0      0.0
 -5000.0      0.0
 -3200.0     84.0
 -1260.0    100.5
     0.0    100.0
     2.0     57.5
   180.0     41.5
   700.0     19.5
  1360.0    -21.5
  2300.0    -50.0
  3160.0    -25.5
  4120.0      0.5
  4500.9      0.0
  4502.9      0.0
  7000.0      0.0
CName:MB   CNum:203
 -7000.0      0.0
 -4994.7      0.0
 -4992.7    -49.0
 -4922.4     42.0
 -4430.4     42.0
 -4140.0     45.0
 -3973.5     61.0
 -3740.0     49.0
 -3740.0     53.2
 -2977.7     54.7
 -1570.4     59.2
  -937.4     56.9
  1192.1     74.0
  2080.0     50.8
  2975.0     48.7
  3315.3     47.5
  4500.9   -133.1
  4502.9      0.0
  7000.0      0.0
CName:GP   CNum:204
 -7000.0      0.0
 -4994.7      0.0
 -4992.7    -49.0
 -4922.4     42.0
 -4430.4     42.0
 -4140.0     45.0
 -3973.5     61.0
 -3740.0     49.0
 -3740.0     53.2
 -2977.7     54.7
 -1570.4     59.2
  -937.4     56.9
  1192.1     74.0
  2080.0     50.8
  2975.0     48.7
  3315.3     47.5
  4500.9   -133.1
  4502.9      0.0
  7000.0      0.0
CName:Z1   CNum:205
 -7000.0      0.0
 -4994.7      0.0
 -4992.7    -49.0
 -4922.4     42.0
 -4430.4     42.0
 -4140.0     45.0
 -3973.5     61.0
 -3740.0     49.0
 -3740.0     53.2
 -2977.7     54.7
 -1570.4     59.2
  -937.4     56.9
  1192.1     74.0
  2080.0     50.8
  2975.0     48.7
  3315.3     47.5
  4500.9   -133.1
  4502.9      0.0
  7000.0      0.0
CName:Z2   CNum:206
 -7000.0      0.0
 -4994.7      0.0
 -4992.7    -49.0
 -4922.4     42.0
 -4430.4     42.0
 -4140.0     45.0
 -3973.5     61.0
 -3740.0     49.0
 -3740.0     53.2
 -2977.7     54.7
 -1570.4     59.2
  -937.4     56.9
  1192.1     74.0
  2080.0     50.8
  2975.0     48.7
  3315.3     47.5
  4500.9   -133.1
  4502.9      0.0
  7000.0      0.0
CName:IP   CNum:211
 -7000.0      0.0
 -4002.0      0.0
 -4000.0      0.0
     0.0      1.0
   500.0    199.0
  2600.0    199.0
  3620.0      2.0
  4000.0      1.0
  4002.0      0.0
  7000.0      0.0
CName:PH   CNum:212
 -7000.0      0.0
 -4994.7      0.0
 -4992.7    -49.0
 -4922.4     42.0
 -4430.4     42.0
 -4140.0     45.0
 -3973.5     61.0
 -3740.0     49.0
 -3740.0     53.2
 -2977.7     54.7
 -1570.4     59.2
  -937.4     56.9
  1192.1     74.0
  2080.0     50.8
  2975.0     48.7
  3315.3     47.5
  4500.9   -133.1
  4502.9      0.0
  7000.0      0.0
CName:NE   CNum:214
 -7000.0      0.0
    -2.0      0.0
     0.0    -49.0
  2000.0   -133.1
  2002.0      0.0
  7000.0      0.0
CName:PV   CNum:213
 -7000.0      0.0
 -4994.7      0.0
 -4992.7    -49.0
 -4922.4     42.0
 -4430.4     42.0
 -4140.0     45.0
 -3973.5     46.0
 -3740.0     49.0
 -3740.0     53.2
 -2977.7     54.7
 -1570.4     59.2
  -937.4     56.9
  1192.1     74.0
  2080.0     50.8
  2975.0     48.7
  3315.3     47.5
  4500.9   -133.1
  4502.9      0.0
  7000.0      0.0
CName:M1   CNum:215
 -7000.0      0.0
 -4994.7      0.0
 -4992.7    -49.0
 -4922.4     42.0
 -4430.4     42.0
 -4140.0     45.0
 -3973.5     61.0
 -3740.0     49.0
 -3740.0     53.2
 -2977.7     54.7
 -1570.4     59.2
  -937.4     56.9
  1192.1     74.0
  2080.0     50.8
  2975.0     48.7
  3315.3     47.5
  4500.9   -133.1
  4502.9      0.0
  7000.0      0.0
CName:M2   CNum:216
 -7000.0      0.0
 -4994.7      0.0
 -4992.7    -49.0
 -4922.4     42.0
 -4430.4     42.0
 -4140.0     45.0
 -3973.5     61.0
 -3740.0     49.0
 -3740.0     53.2
 -2977.7     54.7
 -1570.4     59.2
  -937.4     56.9
  1192.1     74.0
  2080.0     50.8
  2975.0     48.7
  3315.3     47.5
  4500.9   -133.1
  4502.9      0.0
  7000.0      0.0
CName:KP   CNum:221
 -7000.0      0.0
 -4994.7      0.0
 -4992.7     10.0
     0.0     10.0
     0.0     20.0
  4500.9     20.0
  4502.9      0.0
  7000.0      0.0
CName:KQ   CNum:222
 -7000.0      0.0
 -4994.7      0.0
 -4992.7    -49.0
 -4922.4     42.0
 -4430.4     42.0
 -4140.0     45.0
 -3973.5     61.0
 -3740.0     49.0
 -3740.0     53.2
 -2977.7     54.7
 -1570.4     59.2
  -937.4     56.9
  1192.1     74.0
  2080.0     50.8
  2975.0     48.7
  3315.3     47.5
  4500.9   -133.1
  4502.9      0.0
  7000.0      0.0
CName:KR   CNum:223
 -7000.0      0.0
 -4994.7      0.0
 -4992.7    -49.0
 -4922.4     42.0
 -4430.4     42.0
 -4140.0     45.0
 -3973.5     61.0
 -3740.0     49.0
 -3740.0     53.2
 -2977.7     54.7
 -1570.4     59.2
  -937.4     56.9
  1192.1     74.0
  2080.0     50.8
  2975.0     48.7
  3315.3     47.5
  4500.9   -133.1
  4502.9      0.0
  7000.0      0.0
CName:KS   CNum:224
 -7000.0      0.0
 -4994.7      0.0
 -4992.7    -49.0
 -4922.4     42.0
 -4430.4     42.0
 -4140.0     45.0
 -3973.5     61.0
 -3740.0     49.0
 -3740.0     53.2
 -2977.7     54.7
 -1570.4     59.2
  -937.4     56.9
  1192.1     74.0
  2080.0     50.8
  2975.0     48.7
  3315.3     47.5
  4500.9   -133.1
  4502.9      0.0
  7000.0      0.0
CName:KT   CNum:225
 -7000.0      0.0
 -4994.7      0.0
 -4992.7    -49.0
 -4922.4     42.0
 -4430.4     42.0
 -4140.0     45.0
 -3973.5     61.0
 -3740.0     49.0
 -3740.0     53.2
 -2977.7     54.7
 -1570.4     59.2
  -937.4     56.9
  1192.1     74.0
  2080.0     50.8
  2975.0     48.7
  3315.3     47.5
  4500.9   -133.1
  4502.9      0.0
  7000.0      0.0
CName:KU   CNum:226
 -7000.0      0.0
 -4994.7      0.0
 -4992.7    -49.0
 -4922.4     42.0
 -4430.4     42.0
 -4140.0     45.0
 -3973.5     61.0
 -3740.0     49.0
 -3740.0     53.2
 -2977.7     54.7
 -1570.4     59.2
  -937.4     56.9
  1192.1     74.0
  2080.0     50.8
  2975.0     48.7
  3315.3     47.5
  4500.9   -133.1
  4502.9      0.0
  7000.0      0.0
CName:JP   CNum:231
 -7000.0      0.0
 -4997.3      0.0
 -4995.3      0.0
  4498.3      0.0
  4500.3      0.0
  7000.0      0.0
CName:JQ   CNum:232
 -7000.0      0.0
 -4994.7      0.0
 -4992.7    -49.0
 -4922.4     42.0
 -4430.4     42.0
 -4140.0     45.0
 -3973.5     61.0
 -3740.0     49.0
 -3740.0     53.2
 -2977.7     54.7
 -1570.4     59.2
  -937.4     56.9
  1192.1     74.0
  2080.0     50.8
  2975.0     48.7
  3315.3     47.5
  4500.9   -133.1
  4502.9      0.0
  7000.0      0.0
CName:JR   CNum:233
 -7000.0      0.0
 -4994.7      0.0
 -4992.7    -49.0
 -4922.4     42.0
 -4430.4     42.0
 -4140.0     45.0
 -3973.5     61.0
 -3740.0     49.0
 -3740.0     53.2
 -2977.7     54.7
 -1570.4     59.2
  -937.4     56.9
  1192.1     74.0
  2080.0     50.8
  2975.0     48.7
  3315.3     47.5
  4500.9   -133.1
  4502.9      0.0
  7000.0      0.0
CName:JS   CNum:234
 -7000.0      0.0
 -4994.7      0.0
 -4992.7    -49.0
 -4922.4     42.0
 -4430.4     42.0
 -4140.0     45.0
 -3973.5     61.0
 -3740.0     49.0
 -3740.0     53.2
 -2977.7     54.7
 -1570.4     59.2
  -937.4     56.9
  1192.1     74.0
  2080.0     50.8
  2975.0     48.7
  3315.3     47.5
  4500.9   -133.1
  4502.9      0.0
  7000.0      0.0
CName:JT   CNum:235
 -7000.0      0.0
 -4994.7      0.0
 -4992.7    -49.0
 -4922.4     42.0
 -4430.4     42.0
 -4140.0     45.0
 -3973.5     61.0
 -3740.0     49.0
 -3740.0     53.2
 -2977.7     54.7
 -1570.4     59.2
  -937.4     56.9
  1192.1     74.0
  2080.0     50.8
  2975.0     48.7
  3315.3     47.5
  4500.9   -133.1
  4502.9      0.0
  7000.0      0.0
CName:DP   CNum:241
 -7000.0      0.0
 -4502.0      0.0
 -4500.0      0.0
  4500.9      0.0
  4502.9      0.0
  7000.0      0.0
CName:JU   CNum:236
 -7000.0      0.0
 -4994.7      0.0
 -4992.7    -49.0
 -4922.4     42.0
 -4430.4     42.0
 -4140.0     45.0
 -3973.5     61.0
 -3740.0     49.0
 -3740.0     53.2
 -2977.7     54.7
 -1570.4     59.2
  -937.4     95.0
  1192.1     -0.0
  2080.0     50.8
  2975.0     48.7
  3315.3     47.5
  4500.9   -133.1
  4502.9      0.0
  7000.0      0.0
CName:DQ   CNum:242
 -7000.0      0.0
 -4994.7      0.0
 -4992.7    -49.0
 -4922.4     42.0
 -4430.4     42.0
 -4140.0     45.0
 -3973.5     61.0
 -3740.0     49.0
 -3740.0     53.2
 -2977.7     54.7
 -1570.4     59.2
  -937.4     56.9
  1192.1     74.0
  2080.0     50.8
  2975.0     48.7
  3315.3     47.5
  4500.9   -133.1
  4502.9      0.0
  7000.0      0.0
CName:DR   CNum:243
 -7000.0      0.0
 -4994.7      0.0
 -4992.7    -49.0
 -4922.4     42.0
 -4430.4     42.0
 -4140.0     45.0
 -3973.5     61.0
 -3740.0     49.0
 -3740.0     53.2
 -2977.7     54.7
 -1570.4     59.2
  -937.4     56.9
  1192.1     74.0
  2080.0     50.8
  2975.0     48.7
  3315.3     47.5
  4500.9   -133.1
  4502.9      0.0
  7000.0      0.0
CName:DS   CNum:244
 -7000.0      0.0
 -4994.7      0.0
 -4992.7    -49.0
 -4922.4     42.0
 -4430.4     42.0
 -4140.0     45.0
 -3973.5     61.0
 -3740.0     49.0
 -3740.0     53.2
 -2977.7     54.7
 -1570.4     59.2
  -937.4     56.9
  1192.1     74.0
  2080.0     50.8
  2975.0     48.7
  3315.3     47.5
  4500.9   -133.1
  4502.9      0.0
  7000.0      0.0
CName:DT   CNum:245
 -7000.0      0.0
 -4994.7      0.0
 -4992.7    -49.0
 -4922.4     42.0
 -4430.4     42.0
 -4140.0     45.0
 -3973.5     61.0
 -3740.0     49.0
 -3740.0     53.2
 -2977.7     54.7
 -1570.4     59.2
  -937.4     56.9
  1192.1     74.0
  2080.0     50.8
  2975.0     48.7
  3315.3     47.5
  4500.9   -133.1
  4502.9      0.0
  7000.0      0.0
CName:DU   CNum:246
 -7000.0      0.0
 -4994.7      0.0
 -4992.7    -49.0
 -4922.4     42.0
 -4430.4     42.0
 -3740.0     53.2
 -2977.7     54.7
 -1570.4     59.2
  -937.4     61.0
  1192.1     60.0
  2080.0     60.0
  2975.0     55.0
  3315.3     47.5
  4500.9   -133.1
  4502.9      0.0
  7000.0      0.0
