U1  101   16  2       0     389.0    -200.0    1000.0  V 
U2  102   16  2     128     389.0    -200.0    1000.0  V 
U3  103   16  2     256     389.0    -200.0    1000.0  V 
U4  104   16  2     384     389.0    -200.0    1000.0  V 
U5  105   16  2     512     389.0    -200.0    1000.0  V 
U6  106   16  2     640     389.0    -200.0    1000.0  V 
U7  107   16  2     768     389.0    -200.0    1000.0  V 
U8  108   16  2     896     389.0    -200.0    1000.0  V 
U9  109   16  2    1024     409.0    -200.0    1000.0  V 
UA  110   16  2    1152     409.0    -200.0    1000.0  V 
UB  111   16  2    1280     409.0    -202.0    1000.0  V 
UC  112   16  2    1408     409.0    -200.0    1000.0  V 
UD  113   16  2    1536     409.0    -200.0    1000.0  V 
UE  114   16  2    1664     409.0    -200.0    1000.0  V 
UF  115   16  2    1792     409.0    -200.0    1000.0  V 
UG  116   16  2    1920     409.0    -200.0    1000.0  V 
W1  117   25  2    2048  -26187.4    1271.7    1000.0  V 
W2  118   22  2    2248  -29937.7    1069.4    1000.0  V 
W3  119   18  2    2424   11335.5    1478.5    1000.0  V 
W4  120   19  2    2568  -21852.8     501.7    1000.0  V 
I1  121    9  2    2720    1660.0       2.3    1000.0  kA
I2  122    9  2    2792    1660.0       2.3    1000.0  kA
I3  123    9  2    2864    1660.0       2.3    1000.0  kA
I4  124    9  2    2936    1660.0       2.3    1000.0  kA
I5  125    9  2    3008    1660.0       2.3    1000.0  kA
I6  126    9  2    3080    1660.0       2.3    1000.0  kA
I7  127    9  2    3152    1660.0       2.3    1000.0  kA
I8  128    9  2    3224    1660.0       2.3    1000.0  kA
I9  129    9  2    3296    1660.0       2.3    1000.0  kA
IA  130    9  2    3368    1660.0       2.3    1000.0  kA
IB  131    9  2    3440    1660.0       2.3    1000.0  kA
IC  132    9  2    3512    1660.0       2.3    1000.0  kA
ID  133    9  2    3584    1660.0       2.3    1000.0  kA
IE  134    9  2    3656    1660.0       2.3    1000.0  kA
IF  135    9  2    3728    1660.0       2.3    1000.0  kA
IG  136    9  2    3800    1660.0       2.3    1000.0  kA
V1  137   19  2    3872  -21852.8     501.7    1000.0  V 
V2  138   19  2    4024  -21852.8     492.8    1000.0  V 
V3  139   19  2    4176  -21852.8     501.7    1000.0  V 
V4  140   19  2    4328  -21852.8     501.7    1000.0  V 
K1  141    6  2    4480       0.0       2.0    1000.0  au
K2  142    6  2    4528       0.0       2.0    1000.0  au
K3  143    6  2    4576       0.0       2.0    1000.0  au
K4  144    6  2    4624       0.0       2.0    1000.0  au
K5  145    6  2    4672       0.0       2.0    1000.0  au
K6  146    6  2    4720       0.0       2.0    1000.0  au
K7  147    6  2    4768       0.0       2.0    1000.0  au
K8  148    6  2    4816       0.0       2.0    1000.0  au
K9  149    6  2    4864       0.0       2.0    1000.0  au
KA  150    6  2    4912       0.0       2.0    1000.0  au
KB  151    6  2    4960       0.0       2.0    1000.0  au
KC  152    6  2    5008       0.0       2.0    1000.0  au
KD  153    6  2    5056       0.0       2.0    1000.0  au
KE  154    6  2    5104       0.0       2.0    1000.0  au
KF  155    6  2    5152       0.0       2.0    1000.0  au
KG  156    6  2    5200       0.0       2.0    1000.0  au
KH  157    6  2    5248       0.0       2.0    1000.0  au
KI  158    6  2    5296       0.0       2.0    1000.0  au
KJ  159    6  2    5344       0.0       2.0    1000.0  au
KK  160    6  2    5392       0.0       2.0    1000.0  au
J1  161    6  2    5440       0.0      20.0    1000.0  ms
J2  162    6  2    5488       0.0      20.0    1000.0  ms
J3  163    6  2    5536       0.0      20.0    1000.0  ms
J4  164    6  2    5584       0.0      20.0    1000.0  ms
J5  165    6  2    5632       0.0      20.0    1000.0  ms
J6  166    6  2    5680       0.0      20.0    1000.0  ms
J7  167    6  2    5728       0.0      20.0    1000.0  ms
J8  168    6  2    5776       0.0      20.0    1000.0  ms
J9  169    6  2    5824       0.0      20.0    1000.0  ms
JA  170    6  2    5872       0.0      20.0    1000.0  ms
JB  171    6  2    5920       0.0      20.0    1000.0  ms
JC  172    6  2    5968       0.0      20.0    1000.0  ms
JD  173    6  2    6016       0.0      20.0    1000.0  ms
JE  174    6  2    6064       0.0      20.0    1000.0  ms
JF  175    6  2    6112       0.0      20.0    1000.0  ms
JG  176    6  2    6160       0.0      20.0    1000.0  ms
JH  177    6  2    6208       0.0      20.0    1000.0  ms
JI  178    6  2    6256       0.0      20.0    1000.0  ms
JJ  179    6  2    6304       0.0      20.0    1000.0  ms
JK  180    6  2    6352       0.0      20.0    1000.0  ms
D1  181    6  2    6400       0.0      10.0    1000.0  ms
D2  182    6  2    6448       0.0      10.0    1000.0  ms
D3  183    6  2    6496       0.0      10.0    1000.0  ms
D4  184    6  2    6544       0.0      10.0    1000.0  ms
D5  185    6  2    6592       0.0      10.0    1000.0  ms
D6  186    6  2    6640       0.0      10.0    1000.0  ms
D7  187    6  2    6688       0.0      10.0    1000.0  ms
D8  188    6  2    6736       0.0      10.0    1000.0  ms
D9  189    6  2    6784       0.0      10.0    1000.0  ms
DA  190    6  2    6832       0.0      10.0    1000.0  ms
DB  191    6  2    6880       0.0      10.0    1000.0  ms
DC  192    6  2    6928       0.0      10.0    1000.0  ms
DD  193    6  2    6976       0.0      10.0    1000.0  ms
DE  194    6  2    7024       0.0      10.0    1000.0  ms
DF  195    6  2    7072       0.0      10.0    1000.0  ms
DG  196    6  2    7120       0.0      10.0    1000.0  ms
DH  197    6  2    7168       0.0      10.0    1000.0  ms
DI  198    6  2    7216       0.0      10.0    1000.0  ms
DJ  199    6  2    7264       0.0      10.0    1000.0  ms
DK  200    6  2    7312       0.0      10.0    1000.0  ms
U0  201   15  2    7360    7621.9     630.0    1000.0  V 
I0  202   16  2    7480    6363.9     306.5    1000.0  kA
MB  203   19  2    7608  -21852.8     501.7    1000.0  mV
GP  204   19  2    7760  -21852.8     501.7    1000.0  mV
Z1  205   19  2    7912  -21852.8     501.7    1000.0  V 
Z2  206   19  2    8064  -21852.8     501.7    1000.0  V 
IP  211   10  2    8216    6720.0     402.0    1000.0  kA
PH  212   19  2    8296  -21852.8     501.7    1000.0  mm
NE  214    6  2    8448    4000.0    -182.1    1000.0  mV
PV  213   19  2    8496  -21852.8     486.7    1000.0  mm
M1  215   19  2    8648  -21852.8     501.7    1000.0  mm
M2  216   19  2    8800  -21852.8     501.7    1000.0  mV
KP  221    8  2    8952    -983.5      60.0    1000.0  au
KQ  222   19  2    9016  -21852.8     501.7    1000.0  au
KR  223   19  2    9168  -21852.8     501.7    1000.0  au
KS  224   19  2    9320  -21852.8     501.7    1000.0  au
KT  225   19  2    9472  -21852.8     501.7    1000.0  au
KU  226   19  2    9624  -21852.8     501.7    1000.0  au
JP  231    6  2    9776    -993.9       0.0    1000.0  ms
JQ  232   19  2    9824  -21852.8     501.7    1000.0  ms
JR  233   19  2    9976  -21852.8     501.7    1000.0  ms
JS  234   19  2   10128  -21852.8     501.7    1000.0  ms
JT  235   19  2   10280  -21852.8     501.7    1000.0  ms
DP  241    6  2   10432       1.9       0.0    1000.0  ms
JU  236   19  2   10480  -21852.8     465.8    1000.0  ms
DQ  242   19  2   10632  -21852.8     501.7    1000.0  ms
DR  243   19  2   10784  -21852.8     501.7    1000.0  ms
DS  244   19  2   10936  -21852.8     501.7    1000.0  ms
DT  245   19  2   11088  -21852.8     501.7    1000.0  ms
DU  246   16  2   11240   -9999.3     352.3    1000.0  ms
